0000 0000 0000 0000 0000 0000 0000 0000
0000 0000 0000 0000 0000 0000 0000 0000
0000 0000 0000 0000 0000 0000 0000 0000
0000 0000 0000 0000 0000 0000 0000 0000
0000 0000 0000 0000 0000 0000 0000 0000
0000 0000 0000 0000 0000 0000 0000 0000
0000 0000 0000 0000 0000 0000 0000 0000
0000 0000 0000 0000 0000 0000 0000 0000
0000 0000 0000 0000 0000 0000 0000 0000
0000 0000 0000 0000 0000 0000 0000 0000
0000 0000 0000 0000 0000 0000 0000 0000
0000 0000 0000 0000 0000 0000 0000 0000
0000 0000 0000 0000 0000 54b9 9f97 3c24
0000 0000 0000 0000 0000 0000 0000 0000
0000 0000 0000 defe fefe fef1 c6c6 c6c6
c6c6 c6c6 aa34 0000 0000 0000 0000 0000
0000 4372 4872 a3e3 fee1 fefe fefa e5fe
fe8c 0000 0000 0000 0000 0000 0000 0000
0000 0011 420e 4343 433b 15ec fe6a 0000
0000 0000 0000 0000 0000 0000 0000 0000
0000 0000 0000 53fd d112 0000 0000 0000
0000 0000 0000 0000 0000 0000 0000 0000
0016 e9ff 5300 0000 0000 0000 0000 0000
0000 0000 0000 0000 0000 0000 0081 feee
2c00 0000 0000 0000 0000 0000 0000 0000
0000 0000 0000 0000 3bf9 fe3e 0000 0000
0000 0000 0000 0000 0000 0000 0000 0000
0000 0000 85fe bb05 0000 0000 0000 0000
0000 0000 0000 0000 0000 0000 0000 0009
cdf8 3a00 0000 0000 0000 0000 0000 0000
0000 0000 0000 0000 0000 007e feb6 0000
0000 0000 0000 0000 0000 0000 0000 0000
0000 0000 0000 4bfb f039 0000 0000 0000
0000 0000 0000 0000 0000 0000 0000 0000
0013 ddfe a600 0000 0000 0000 0000 0000
0000 0000 0000 0000 0000 0000 03cb fedb
2300 0000 0000 0000 0000 0000 0000 0000
0000 0000 0000 0000 26fe fe4d 0000 0000
0000 0000 0000 0000 0000 0000 0000 0000
0000 001f e0fe 7301 0000 0000 0000 0000
0000 0000 0000 0000 0000 0000 0000 0085
fefe 3400 0000 0000 0000 0000 0000 0000
0000 0000 0000 0000 0000 3df2 fefe 3400
0000 0000 0000 0000 0000 0000 0000 0000
0000 0000 0000 79fe fedb 2800 0000 0000
0000 0000 0000 0000 0000 0000 0000 0000
0000 79fe cf12 0000 0000 0000 0000 0000
0000 0000 0000 0000 0000 0000 0000 0000
0000 0000 0000 0000 0000 0000 0000 0000
